-0.017748
-0.018009
-0.017748
-0.017303
-0.017303
-1.115123
-0.010123
-0.010500
-0.010123
-0.010341
-1.115123
-0.019694
-0.019975
-0.019694
-0.019620
-1.115123
-0.011128
-0.011164
-0.011128
-0.011323
-1.115123
-0.026702
-0.026702
-0.026702
-0.026702
-0.025680
-1.115123
-0.023928
-0.023907
-0.023907
-0.023928
-0.023928
-1.115123
-0.015455
-0.015446
-0.015446
-0.015455
-0.015440
-1.115123
-0.013893
-0.014008
-0.013893
-0.013886
-0.013886
-1.115123
-0.012123
-0.012596
-0.012123
-0.012118
-0.012118
-1.115123
-0.013310
-0.012238
-1.115123
-0.031720
-0.031935
-1.115123
-0.023347
-0.023347
-0.021969
-0.023347
-0.023347
-1.115123
-0.012702
-0.012406
-0.012702
-0.012597
-1.115123
-0.014186
-0.014317
-0.014186
-0.014165
-0.014186
-0.014179
-0.014186
-0.012456
-1.115123
-0.014114
-0.014200
-0.014114
-0.014004
-0.014114
-0.014156
-0.014114
-0.014193
-0.014114
-0.014771
-0.014114
-0.014114
-1.115123
-0.010963
-0.011003
-0.010963
-0.011396
-0.010963
-0.011159
-0.010963
-0.011018
-1.115123
-0.013328
-0.013369
-0.013328
-0.013328
-1.115123
-0.009093
-0.009093
-0.009093
-0.009303
-0.009093
-0.009093
-0.009093
-0.009093
-0.009211
-0.009093
-0.009093
-1.115123
-0.010576
-0.010576
-0.010378
-0.010576
-0.010660
-1.115123
-0.028959
-0.026972
-0.028959
-0.028219
-0.028959
-0.028959
-1.115123
-0.012744
-0.012418
-0.012744
-0.012806
-0.012744
-0.012777
-0.012744
-0.012676
-0.012744
-0.012744
-1.115123
-0.010482
-0.010422
-0.010482
-0.010782
-0.010482
-0.010479
-0.010482
-0.010554
-0.010482
-0.010468
-1.115123
-0.008785
-0.008839
-0.008785
-0.008656
-0.008785
-0.008789
-0.008785
-0.008784
-0.008785
-0.008643
-1.115123
-0.008719
-0.008716
-0.008719
-0.008716
-0.008719
-0.008850
-0.008719
-0.008617
-0.008781
-1.115123
-0.009971
-0.009969
-0.009971
-0.009768
-0.009971
-0.010041
-0.009971
-0.009708
-0.009708
-1.115123
-0.011062
-0.011406
-0.011062
-0.011171
-0.011062
-0.010955
-0.011062
-0.011062
-1.115123
-0.011582
-0.011582
-0.011582
-0.011621
-0.011582
-0.011582
-0.011582
-0.011592
-1.115123
-0.010893
-0.010469
-0.010893
-0.010456
-0.010893
-0.010893
-0.010893
-0.010893
-1.115123
-0.013380
-0.013801
-1.115123
-0.009311
-0.009377
-0.009311
-0.009335
-0.009311
-0.009191
-1.115123
-0.008662
-0.008779
-0.008662
-0.008764
-0.008662
-0.008692
-0.008662
-0.008768
-1.115123
-0.011447
-0.011151
-0.011447
-0.011195
-0.011447
-0.011185
-0.011447
-0.011564
-1.115123
-0.010084
-0.010185
-0.010084
-0.010211
-0.010084
-0.009725
-0.010084
-0.010084
-1.115123
-0.011440
-0.011428
-0.011440
-0.010308
-0.011440
-0.011133
-0.011440
-0.011405
-1.115123
-0.021602
-0.021602
-0.021602
-0.021602
-0.021602
-0.021602
-0.021602
-0.022334
-1.115123
-0.009622
-0.009727
-0.009622
-0.009611
-0.009622
-0.009181
-0.009622
-0.009622
-1.115123
-0.013163
-0.013007
-0.013163
-0.013345
-0.013163
-0.012913
-0.013163
-0.013163
-1.115123
-0.018395
-0.018395
-0.018395
-0.017287
-0.018395
-0.017537
-0.018395
-0.018395
-1.115123
-0.013946
-0.014087
-0.013946
-0.014819
-0.013946
-0.013997
-0.013946
-0.013865
-1.115123
-0.011322
-0.011405
-0.011322
-0.011261
-0.011322
-0.011269
-0.011322
-0.011322
-1.115123
-0.009061
-0.008919
-0.009061
-0.009061
-0.009061
-0.008751
-0.009061
-0.009061
-1.115123
-0.034078
-1.115123
-0.013421
-0.013418
-0.013421
-0.013625
-0.013421
-0.013421
-0.013421
-0.013421
-1.115123
-0.008783
-0.008825
-0.008783
-0.008979
-0.008783
-0.008783
-0.008783
-0.008872
-1.115123
-0.011578
-0.011638
-0.011578
-0.011678
-0.011578
-0.011660
-0.011578
-0.011578
-1.115123
-0.011385
-0.011372
-1.115123
-0.011272
-0.011366
-0.011272
-0.011597
-0.011272
-0.011762
-1.115123
-0.031925
-0.034966
-0.031925
-0.026560
-1.115123
-0.012862
-0.012916
-0.012862
-0.012588
-1.115123
-0.029493
-1.115123
-0.009071
-0.008934
-0.009071
-0.008594
-0.009071
-0.009168
-0.009071
-0.009114
-1.115123
-0.010449
-0.010449
-0.010449
-0.010449
-0.010449
-0.010449
-0.010449
-0.010675
-1.115123
-0.014772
-1.115123
-0.008637
-0.008637
-0.008637
-0.008656
-0.008637
-0.008555
-0.008637
-0.008702
-1.115123
-0.013194
-0.012986
-0.013194
-0.013225
-0.013194
-0.013726
-0.013194
-0.013194
-1.115123
-0.011279
-0.011279
-1.115123
-0.016617
-0.016368
-0.016617
-0.015526
-0.016617
-0.016617
-1.115123
-0.014963
-0.014408
-0.014963
-0.015784
-0.014963
-0.015635
-0.014963
-0.014963
-1.115123
-0.010094
-0.009974
-0.010094
-0.010093
-0.010094
-0.010094
-0.010094
-0.010121
-1.115123
-0.018875
-0.018706
-0.018875
-0.019839
-0.018875
-0.018650
-0.018875
-0.018875
-1.115123
-0.014016
-0.014016
-0.014016
-0.014016
-0.013996
-0.014016
-0.014016
-0.014016
-1.115123
-0.007884
-0.007719
-0.007884
-0.007884
-0.007884
-0.007884
-0.007884
-0.007719
-1.115123
-0.012054
-0.012344
-0.012054
-0.012054
-0.012054
-0.012054
-0.012054
-0.012276
-1.115123
-0.011180
-0.011050
-1.115123
-0.014306
-0.014017
-0.014306
-0.014094
-1.115123
-0.022185
-0.021215
-1.115123
-0.025132
-0.024885
-0.025132
-0.025109
-1.115123
-0.013425
-0.013425
-0.013425
-0.013765
-1.115123
-0.009612
-0.009697
-0.009612
-0.009776
-0.009612
-0.009743
-0.009612
-0.009507
-1.115123
-0.010758
-0.010986
-0.010758
-0.010559
-1.115123
-0.015134
-0.014755
-0.015134
-0.015394
-1.115123
-0.009798
-0.009782
-1.115123
-0.011888
-0.012137
-0.011888
-0.011879
-0.011888
-0.011995
-1.115123
-0.022926
-0.022721
-1.115123
-0.023566
-0.023304
-0.023566
-0.021380
-0.023566
-0.023566
-1.115123
-0.005493
-0.005529
-0.005493
-0.005548
-0.005493
-0.005552
-0.005493
-0.005486
-1.115123
-0.025205
-1.115123
-0.037629
-0.035228
-0.037629
-0.037481
-1.115123
-0.032799
-0.032799
-0.032799
-0.032799
-1.115123
-0.021995
-0.022256
-0.021995
-0.021995
-1.115123
-0.027636
-0.027636
-0.027636
-0.026512
-1.115123
-0.038969
-0.043598
-0.038969
-0.041556
-1.115123
-0.025828
-0.024784
-1.115123
-0.042865
-0.040903
-1.115123
-0.015856
-0.015392
-0.015856
-0.015990
-0.015856
-0.015453
-0.015856
-0.015856
-1.115123
-0.013281
-0.013274
-0.013281
-0.012937
-0.013281
-0.013411
-0.013281
-0.012838
-1.115123
-0.010472
-0.010339
-0.010472
-0.010600
-0.010472
-0.010468
-0.010472
-0.010967
-1.115123
-0.015171
-0.015340
-0.015171
-0.014882
-1.115123
-0.022374
-0.021991
-0.022374
-0.021574
-1.115123
-0.016649
-0.016786
-0.016649
-0.016597
-1.115123
-0.022119
-0.022068
-0.022119
-0.022119
-1.115123
-0.011460
-0.011154
-0.011460
-0.011822
-0.011460
-0.011403
-0.011460
-0.011241
-1.115123
-0.010048
-0.010026
-0.010048
-0.009855
-0.010048
-0.009895
-0.010048
-0.010354
-1.115123
-0.011975
-0.012192
-0.011975
-0.011975
-0.011975
-0.011850
-0.011975
-0.011975
-1.115123
-0.013777
-0.013770
-0.013770
-0.013777
-0.013251
-0.013777
-0.012795
-1.115123
-0.019532
-0.020443
-0.019532
-0.018919
-0.018906
-0.019532
-0.019532
-1.115123
-0.023478
-1.115123
-0.032824
-0.032824
-0.032824
-0.032824
-0.028128
-0.032824
-0.028268
-1.115123
-0.008569
-0.008600
-0.008569
-0.008479
-0.008569
-0.008569
-0.008397
-1.115123
-0.010437
-0.010333
-0.010437
-0.010410
-0.010437
-0.010133
-1.115123
-0.011779
-0.011774
-0.011774
-0.011779
-0.011144
-0.011779
-0.011885
-1.115123
-0.031365
-0.033375
-1.115123
-0.013460
-0.013453
-0.013453
-0.013460
-0.013674
-1.115123
-0.015352
-0.015043
-0.015352
-0.015035
-0.015035
-0.015352
-0.015352
-1.115123
-0.011315
-0.011286
-0.011315
-0.011315
-0.011315
-0.011315
-0.011012
-1.115123
-0.013211
-0.013205
-0.013211
-0.013109
-0.013211
-0.013566
-1.115123
-0.012505
-0.012489
-0.012505
-0.012500
-0.012505
-0.012928
-1.115123
-0.018440
-0.018680
-0.018440
-0.018092
-0.018440
-0.018357
-1.115123
-0.014949
-0.014945
-0.014949
-0.015471
-0.014949
-0.014825
-1.115123
-0.015979
-0.016143
-0.015979
-0.015845
-0.015979
-0.015979
-1.115123
-0.011319
-0.011401
-0.011319
-0.011573
-0.011319
-0.011319
-1.115123
-0.020964
-1.115123
-0.020115
-0.019668
-0.020115
-0.018966
-0.020115
-0.020115
-1.115123
-0.012548
-0.012684
-0.012548
-0.013005
-1.115123
-0.041975
-0.039047
-1.115123
-0.016824
-1.115123
-0.015034
-0.014720
-0.015034
-0.015595
-0.015034
-0.014643
-1.115123
-0.011146
-0.011154
-0.011146
-0.010937
-0.011146
-0.011189
-1.115123
-0.015800
-0.016242
-0.015800
-0.015796
-0.015800
-0.015800
-1.115123
-0.019562
-0.019551
-0.019562
-0.019699
-1.115123
-0.033464
-0.033464
-1.115123
-0.012488
-0.012600
-0.012488
-0.012858
-0.012488
-0.012406
-1.115123
-0.012177
-0.012377
-0.012177
-0.012353
-0.012177
-0.011961
-1.115123
-0.012622
-0.012717
-0.012622
-0.012622
-0.012622
-0.012622
-1.115123
-0.014628
-0.014392
-0.014628
-0.015446
-0.014628
-0.014866
-1.115123
-0.023679
-0.023679
-0.023679
-0.023679
-1.115123
-0.018887
-0.018874
-1.115123
-0.013706
-0.013732
-0.013706
-0.013756
-1.115123
-0.023683
-0.024144
-1.115123
-0.024587
-0.023729
-0.024587
-0.025017
-1.115123
-0.021679
-0.022854
-1.115123
-0.013221
-0.013215
-0.013215
-0.013221
-0.013215
-0.013215
-1.115123
-0.012210
-0.012046
-0.012210
-0.012291
-0.012210
-0.012210
-1.115123
-0.014853
-0.015017
-0.014853
-0.015239
-0.014853
-0.014548
-1.115123
-0.011216
-0.011471
-0.011216
-0.011104
-0.011216
-0.012181
-1.115123
-0.013895
-0.014310
-0.013895
-0.014343
-0.013895
-0.013597
-1.115123
-0.011569
-0.011421
-0.011569
-0.011602
-0.011569
-0.011623
-1.115123
-0.011980
-0.012037
-0.011980
-0.011871
-0.011980
-0.012016
-1.115123
-0.010212
-0.010507
-0.010212
-0.010226
-0.010212
-0.010238
-1.115123
-0.017110
-0.016789
-0.017110
-0.017969
-0.017110
-0.016862
-1.115123
-0.013276
-0.013054
-0.013276
-0.013336
-0.013276
-0.013277
-1.115123
-0.012275
-0.012317
-0.012275
-0.012402
-0.012275
-0.012402
-1.115123
-0.012644
-0.012644
-0.012644
-0.012400
-0.012644
-0.013884
-1.115123
-0.014465
-0.014283
-0.014465
-0.014613
-0.014465
-0.014425
-1.115123
-0.019757
-0.020160
-1.115123
-0.016094
-0.016044
-0.016094
-0.016094
-1.115123
-0.017016
-0.016091
-0.017016
-0.017015
-1.115123
-0.034223
-0.035061
-1.115123
-0.009964
-0.009964
-0.009964
-0.009961
-0.009964
-0.009964
-1.115123
-0.020667
-0.021108
-0.020667
-0.020946
-0.020667
-0.020667
-1.115123
-0.011398
-0.011483
-0.011398
-0.011552
-0.011398
-0.011398
-1.115123
-0.017098
-0.016943
-1.115123
-0.022850
-0.023073
-0.022850
-0.022831
-1.115123
-0.022317
-0.021223
-0.022317
-0.022830
-0.022317
-0.018396
-1.115123
-0.014102
-0.014345
-0.014102
-0.014459
-0.014102
-0.014102
-1.115123
-0.009206
-0.009206
-0.009206
-0.009209
-0.009206
-0.009197
-1.115123
-0.014175
-0.014745
-0.014175
-0.014154
-1.115123
-0.017430
-0.017430
-1.115123
-0.015227
-0.015705
-1.115123
-0.017785
-0.018358
-0.017785
-0.018822
-1.115123
-0.018109
-0.019551
-0.018109
-0.019165
-1.115123
-0.021215
-1.115123
-0.010110
-0.010229
-0.010110
-0.010089
-0.010110
-0.010290
-1.115123
-0.013584
-0.013276
-0.013584
-0.013010
-0.013584
-0.013477
-1.115123
-0.010435
-0.010751
-0.010435
-0.010517
-0.010435
-0.010452
-1.115123
-0.019726
-0.018346
-0.019726
-0.019613
-0.019726
-0.019726
-1.115123
-0.026407
-1.115123
-0.011133
-0.011405
-0.011133
-0.011120
-0.011133
-0.011100
-1.115123
-0.010161
-0.010225
-0.010161
-0.010202
-0.010161
-0.010161
-1.115123
-0.012259
-0.012227
-0.012259
-0.012176
-0.012259
-0.012426
-1.115123
-0.010669
-0.010645
-0.010669
-0.010973
-0.010669
-0.010445
-1.115123
-0.012970
-0.012931
-0.012970
-0.012700
-0.012970
-0.012807
-1.115123
-0.013159
-0.013249
-0.013159
-0.012935
-0.013159
-0.012763
-1.115123
-0.009716
-0.009626
-0.009716
-0.009845
-0.009716
-0.009728
-1.115123
-0.008187
-0.008180
-0.008187
-0.008030
-0.008187
-0.008187
-1.115123
-0.013612
-0.013685
-0.013612
-0.013571
-0.013612
-0.013612
-1.115123
-0.021410
-0.020545
-1.115123
-0.024363
-0.023065
-0.024363
-0.025946
-1.115123
-0.011282
-0.011101
-0.011282
-0.011117
-0.011282
-0.011230
-1.115123
-0.020357
-0.019878
-1.115123
-0.018311
-0.016835
-0.018311
-0.017394
-1.115123
-0.011466
-0.011992
-0.011466
-0.011287
-0.011466
-0.010368
-1.115123
-0.015125
-0.015125
-0.015125
-0.015475
-0.015125
-0.015125
-1.115123
-0.021397
-0.021349
-1.115123
-0.012519
-0.012503
-0.012519
-0.013127
-1.115123
-0.016329
-0.016863
-1.115123
-0.020627
-0.021869
-1.115123
-0.015434
-0.015486
-1.115123
-0.028455
-1.115123
-0.027003
-0.027215
-1.115123
-0.011896
-0.011907
-0.011896
-0.011983
-1.115123
-0.019553
-0.019582
-1.115123
-0.017314
-0.016159
-0.017314
-0.017303
-1.115123
-0.020507
-0.020842
-1.115123
-0.020339
-0.020339
-1.115123
-0.023147
-0.020864
-1.115123
-0.021043
-0.020934
-0.021043
-0.021043
-1.115123
-0.016959
-0.016948
-1.115123
-0.025422
-0.020409
-1.115123
-0.017986
-0.017907
-0.017986
-0.017378
-0.017986
-0.017252
-0.017986
-0.018343
-1.115123
-0.020373
-0.021126
-0.020373
-0.019027
-1.115123
-0.036610
-0.037047
-0.036610
-0.036095
-1.115123
-0.021463
-0.021498
-0.021463
-0.020540
-1.115123
-0.016233
-0.016245
-0.016233
-0.016206
-0.016233
-0.016494
-1.115123
-0.011991
-0.011717
-0.011991
-0.011720
-0.011991
-0.011991
-1.115123
-0.022736
-0.022349
-1.115123
-0.015267
-0.015121
-0.015267
-0.015290
-1.115123
-0.020737
-0.021569
-1.115123
-0.019648
-0.019224
-1.115123
-0.030922
-0.030901
-1.115123
-0.014424
-0.014194
-1.115123
-0.031372
-0.030735
-1.115123
-0.025974
-0.025603
-0.025974
-0.026239
-1.115123
-0.023979
-0.024237
-1.115123
-0.012595
-0.012349
-0.012595
-0.012595
-1.115123
-0.033198
-1.115123
-0.013646
-0.013646
-1.115123
-0.017722
-0.017264
-1.115123
-0.012014
-0.012024
-0.012014
-0.012064
-0.012014
-0.011959
-1.115123
-0.013601
-0.013539
-0.013601
-0.013613
-1.115123
-0.017341
-0.017006
-1.115123
-0.011853
-0.011824
-0.011853
-0.011853
-1.115123
-0.018584
-0.018584
-0.018584
-0.017971
-1.115123
-0.023309
-1.115123
-0.014243
-0.014368
-0.014243
-0.014243
-0.014243
-0.013541
-1.115123
-0.038657
-0.040311
-1.115123
-0.015312
-0.015253
-1.115123
-0.012767
-0.012790
-1.115123
-0.015578
-0.015578
-0.015578
-0.015578
-1.115123
-0.017431
-0.017357
-0.017431
-0.017541
-1.115123
-0.039195
-1.115123
-0.012755
-0.013211
-1.115123
-0.020874
-0.022052
-0.020874
-0.020874
-1.115123
-0.013832
-0.013327
-0.013832
-0.013832
-1.115123
-0.035715
-0.036157
-0.035715
-0.034451
-1.115123
-0.027198
-0.026459
-0.027198
-0.027198
-1.115123
-0.027320
-0.026574
-1.115123
-0.021607
-0.021138
-1.115123
-0.015980
-0.015722
-1.115123
-0.021654
-0.021654
-0.021654
-0.021183
-1.115123
-0.017288
-0.016902
-0.017288
-0.017256
-0.017288
-0.015172
-1.115123
-0.013645
-0.013404
-0.013645
-0.013458
-1.115123
-0.025927
-0.025070
-1.115123
-0.057095
-0.057095
-1.115123
-0.037287
-0.038852
-0.037287
-0.037287
-1.115123
-0.029512
-0.028109
-1.115123
-0.015872
-0.015872
-0.015872
-0.015794
-1.115123
-0.022600
-0.022699
-1.115123
-0.020240
-0.020197
-0.020240
-0.019694
-1.115123
-0.020900
-0.020900
-1.115123
-0.012415
-0.012415
-1.115123
-0.033471
-0.031534
-1.115123
-0.018973
-0.018959
-1.115123
-0.023659
-0.023596
-1.115123
-0.014226
-0.014160
-0.014226
-0.014395
-1.115123
-0.009788
-0.009757
-0.009788
-0.009812
-1.115123
-0.028086
-0.026954
-1.115123
-0.013076
-0.012700
-1.115123
-0.026601
-0.026154
-0.026601
-0.026601
-1.115123
-0.020615
-0.020441
-1.115123
-0.017694
-1.115123
-0.015589
-0.015580
-1.115123
-0.014611
-0.013749
-0.014611
-0.015462
-1.115123
-0.015295
-0.014899
-1.115123
-0.034125
-1.115123
-0.013054
-0.011587
-1.115123
-0.018045
-0.016559
-1.115123
-0.024755
-0.021498
-1.115123
-0.024590
-0.021373
-1.115123
-0.009573
-0.009637
-0.009573
-0.009632
-0.009573
-0.009063
-1.115123
-0.021567
-0.020891
-0.021567
-0.017868
-1.115123
-0.013454
-0.012742
-0.013454
-0.013600
-1.115123
-0.012827
-0.011893
-1.115123
-0.066512
-0.066512
-1.115123
-0.025796
-0.025633
-1.115123
-0.017096
-0.016977
-1.115123
-0.010186
-0.010143
-0.010186
-0.010437
-0.010186
-0.010081
-1.115123
-0.009180
-0.009313
-0.009180
-0.009302
-0.009180
-0.009311
-1.115123
-0.023114
-0.023560
-1.115123
-0.025619
-0.026167
-1.115123
-0.021333
-0.021236
-1.115123
-0.008467
-0.008452
-0.008467
-0.008423
-1.115123
-0.012741
-0.012706
-0.012741
-0.012916
-0.012741
-0.012801
-1.115123
-0.019165
-0.018712
-1.115123
-0.017646
-0.017580
-1.115123
-0.021672
-0.022234
-1.115123
-0.027791
-1.115123
-0.015450
-0.015488
-0.015450
-0.015627
-1.115123
-0.013153
-0.013654
-0.013153
-0.013117
-1.115123
-0.012856
-0.012856
-0.012856
-0.012821
-1.115123
-0.016634
-0.016575
-0.016634
-0.016410
-1.115123
-0.017123
-0.017061
-0.017123
-0.017123
-1.115123
-0.013919
-0.013878
-0.013919
-0.014187
-1.115123
-0.024987
-0.024855
-1.115123
-0.016392
-0.016458
-1.115123
-0.015217
-0.015217
-0.015217
-0.015168
-1.115123
-0.013163
-0.013610
-0.013163
-0.013126
-1.115123
-0.019346
-0.019267
-1.115123
-0.020334
-0.020246
-0.020334
-0.020984
-1.115123
-0.020399
-0.020234
-1.115123
-0.021643
-0.021544
-1.115123
-0.028867
-0.028648
-1.115123
-0.012626
-0.012563
-1.115123
-0.012644
-0.012610
-1.115123
-0.014785
-0.014738
-1.115123
-0.014559
-0.014515
-1.115123
-0.026685
-0.026534
-1.115123
-0.015500
-0.015449
-1.115123
-0.020271
-0.020184
-1.115123
-0.018571
-0.018498
-1.115123
-0.041462
-1.115123
-0.018223
-0.018153
-1.115123
-0.026323
-0.026176
-1.115123
-0.027526
-0.027526
-1.115123
-0.030814
-0.029198
-1.115123
-0.027845
-0.027681
-1.115123
-0.030486
-0.031773
-1.115123
-0.017630
-0.017564
-1.115123
-0.035973
-0.035699
-1.115123
-0.046123
-1.115123
-0.028206
-0.028038
-1.115123
-0.019840
-0.019757
-1.115123
-0.016604
-0.016672
-0.016604
-0.017075
-1.115123
-0.014818
-0.015265
-0.014818
-0.016113
-0.014818
-0.014868
-0.014818
-0.014818
-1.115123
-0.043098
-0.045190
-1.115123
-0.014618
-0.014751
-0.014618
-0.014917
-0.014618
-0.014449
-0.014618
-1.115123
-0.024826
-0.023517
-1.115123
-0.023247
-0.023650
-1.115123
-0.019720
-0.019833
-0.019720
-0.020676
-1.115123
-0.022835
-0.023224
-1.115123
-0.024465
-0.023588
-1.115123
-0.049060
-0.050891
-1.115123
-0.018308
-0.018557
-1.115123
-0.021295
-0.021632
-1.115123
-0.017352
-0.017576
-1.115123
-0.020917
-0.021243
-1.115123
-0.025955
-0.026659
-1.115123
-0.015734
-0.015669
-0.015734
-0.017156
-0.015734
-0.015770
-0.015734
-0.015734
-1.115123
-0.037970
-0.038179
-1.115123
-0.022388
-0.022460
-0.022388
-0.021199
-1.115123
-0.032669
-0.032824
-1.115123
-0.014944
-0.014976
-1.115123
-0.021595
-0.021663
-1.115123
-0.029551
-0.029677
-1.115123
-0.016590
-0.016630
-1.115123
-0.011009
-0.011139
-0.011009
-0.010851
-0.011009
-0.010814
-1.115123
-0.024028
-0.025128
-0.024028
-0.024040
-0.024028
-0.024028
-1.115123
-0.022898
-0.024793
-0.022898
-0.023647
-0.022898
-0.022898
-1.115123
-0.017370
-0.018027
-0.017370
-0.017888
-1.115123
-0.017261
-0.017243
-0.017261
-0.017472
-1.115123
-0.017570
-0.017134
-0.017570
-0.018096
-1.115123
-0.013785
-0.014246
-0.013785
-0.014161
-1.115123
-0.022270
-0.022989
-1.115123
-0.030022
-0.030139
-1.115123
-0.022723
-0.022742
-1.115123
-0.033407
-0.034924
-1.115123
-0.023964
-0.024179
-0.023964
-0.022906
-0.023964
-0.022419
-1.115123
-0.016868
-0.017798
-0.016868
-0.017589
-1.115123
-0.020154
-0.021251
-1.115123
-0.017083
-0.017307
-1.115123
-0.012785
-0.013003
-0.012785
-0.012930
-0.012975
-1.115123
-0.022606
-0.022854
-1.115123
-0.014286
-0.014286
-0.014286
-0.014473
-1.115123
-0.022998
-0.023151
-0.022998
-0.022998
-1.115123
-0.041290
-0.043284
-1.115123
-0.021018
-0.020981
-1.115123
-0.015237
-0.015166
-1.115123
-0.011146
-0.011424
-1.115123
-0.022106
-0.022270
-1.115123
-0.015531
-0.015741
-1.115123
-0.028776
-0.029226
-1.115123
-0.021370
-0.021838
-0.021370
-0.021916
-1.115123
-0.010681
-0.010635
-1.115123
-0.019269
-0.019269
-1.115123
-0.020300
-0.020300
-0.020300
-0.020213
-1.115123
-0.016060
-0.016006
-1.115123
-0.025143
-0.024467
-0.025143
-0.025009
-1.115123
-0.024210
-0.024086
-1.115123
-0.012165
-0.012365
-0.012165
-0.012134
-1.115123
-0.011026
-0.011000
-1.115123
-0.021836
-0.021735
-1.115123
-0.020881
-0.020789
-1.115123
-0.023486
-0.023369
-1.115123
-0.047296
-0.046825
-1.115123
-0.023400
-0.023284
-1.115123
-0.043110
-0.042718
-1.115123
-0.016848
-0.016788
-1.115123
-0.021396
-0.021299
-1.115123
-0.023716
-0.023597
-1.115123
-0.021882
-0.021357
-1.115123
-0.023448
-0.023332
-1.115123
-0.022024
-0.021921
-1.115123
-0.016255
-0.016199
-1.115123
-0.013439
-0.013400
-1.115123
-0.020677
-0.020587
-1.115123
-0.021820
-0.021719
-1.115123
-0.020853
-0.020590
-1.115123
-0.021144
-0.021050
-1.115123
-0.020980
-0.020887
-1.115123
-0.027125
-0.026970
-1.115123
-0.027801
-0.027637
-1.115123
-0.021719
-0.021619
-1.115123
-0.021236
-0.021140
-1.115123
-0.020444
-0.020355
-1.115123
-0.027549
-0.027389
-1.115123
-0.012519
-0.012485
-1.115123
-0.017389
-0.017325
-1.115123
-0.023047
-0.022934
-1.115123
-0.027697
-0.027534
-1.115123
-0.021618
-0.020770
-1.115123
-0.019490
-0.019409
-1.115123
-0.015680
-0.015628
-1.115123
-0.021521
-0.021423
-1.115123
-0.017389
-0.017325
-1.115123
-0.018205
-0.018135
-1.115123
-0.010709
-0.010862
-1.115123
-0.016807
-0.016747
-1.115123
-0.018046
-0.017977
-1.115123
-0.017467
-0.017875
-1.115123
-0.012996
-0.013969
-1.115123
-0.012571
-0.012571
-0.012571
-0.013480
-1.115123
-0.018750
-0.018750
-1.115123
-0.023804
-0.023804
-1.115123
-0.020137
-1.115123
-0.015241
-0.015241
-1.115123
-0.019505
-0.019505
-1.115123
-0.015242
-0.015263
-0.015242
-0.015263
-0.015242
-0.015259
-1.115123
-0.010357
-0.010378
-0.010357
-0.010357
-0.010357
-0.010357
-0.010378
-0.010357
-0.010397
-1.115123
-0.031182
-1.115123
-0.011059
-0.010805
-0.011059
-0.010950
-0.011059
-0.010805
-0.011059
-0.011033
-0.011059
-0.011059
-0.011059
-0.010959
-1.115123
-0.019011
-0.017497
-0.019011
-0.018603
-1.115123
-0.011236
-0.011057
-0.011236
-0.011303
-0.011236
-0.011307
-0.011236
-0.011068
-1.115123
-0.011457
-0.011502
-0.011457
-0.011530
-0.011457
-0.010895
-0.011457
-0.011510
-0.011457
-0.011177
-0.011457
-0.011457
-1.115123
-0.019562
-0.019518
-0.019562
-0.019426
-1.115123
-0.013843
-0.013942
-0.013843
-0.013526
-0.013843
-0.014201
-0.013843
-0.013681
-0.013843
-0.013843
-1.115123
-0.020195
-0.019330
-0.020195
-0.019979
-1.115123
-0.038485
-0.039530
-0.038485
-0.038372
-1.115123
-0.029755
-0.032701
-0.029755
-0.030285
-1.115123
-0.045611
-0.044873
-1.115123
-0.026905
-1.115123
-0.013001
-0.013001
-0.013001
-0.012950
-0.013001
-0.013518
-1.115123
-0.020348
-0.020301
-0.020348
-0.020120
-1.115123
-0.015014
-0.014318
-0.015014
-0.015562
-0.015014
-0.015316
-0.015014
-0.015082
-1.115123
-0.065530
-0.068906
-1.115123
-0.035943
-0.035431
-1.115123
-0.032697
-1.115123
-0.018864
-0.018884
-1.115123
-0.025321
-0.025298
-1.115123
-0.020983
-0.020369
-0.020983
-0.020342
-1.115123
-0.031169
-0.030932
-0.031169
-0.031134
-1.115123
-0.027414
-0.027121
-0.027414
-0.026064
-1.115123
-0.022498
-0.022498
-0.022498
-0.022300
-1.115123
-0.040023
-1.115123
-0.033354
-0.036384
-0.033354
-0.032273
-1.115123
-0.022354
-0.022354
-1.115123
-0.062299
-0.062299
-1.115123
-0.015225
-0.015573
-1.115123
-0.024887
-1.115123
-0.016741
-0.016637
-1.115123
-0.044099
-1.115123
-0.016914
-0.017169
-0.016914
-0.016976
-1.115123
-0.030331
-0.030901
-1.115123
-0.030772
-1.115123
-0.050047
-0.050334
-1.115123
-0.027456
-0.027042
-1.115123
-0.014359
-0.014335
-0.014359
-0.014371
-0.014359
-0.014184
-1.115123
-0.011553
-0.011582
-0.011553
-0.011835
-0.011553
-0.011715
-1.115123
-0.014729
-0.014351
-0.014729
-0.014729
-1.115123
-0.029904
-0.029835
-1.115123
-0.023952
-0.022938
-0.023952
-0.023052
-0.023952
-0.023952
-1.115123
-0.028463
-0.025052
-1.115123
-0.025903
-0.023047
-1.115123
-0.021416
-0.022046
-0.021416
-0.021416
-1.115123
-0.021952
-0.022144
-0.021952
-0.022111
-1.115123
-0.017332
-0.017242
-0.017332
-0.017618
-0.017332
-0.016747
-1.115123
-0.013764
-0.012893
-0.013764
-0.013663
-0.013764
-0.013158
-1.115123
-0.021629
-0.021745
-1.115123
-0.012930
-0.012923
-1.115123
-0.017596
-0.017596
-1.115123
-0.034972
-0.039114
-0.034972
-0.032737
-1.115123
-0.018301
-1.115123
-0.027387
-1.115123
-0.015383
-0.015185
-1.115123
-0.014395
-0.014340
-0.014395
-0.014362
-1.115123
-0.040096
-1.115123
-0.013032
-0.013032
-0.013032
-1.115123
-0.020151
-0.020108
-1.115123
-0.027204
-0.027823
-1.115123
-0.040096
-0.040096
-1.115123
-0.018669
-0.018669
-1.115123
-0.015626
-0.015635
-0.015626
-0.015626
-1.115123
-0.031577
-0.031517
-1.115123
-0.015310
-0.015172
-0.015310
-0.015395
-0.015310
-0.014468
-0.015310
-0.015310
-0.015310
-0.015310
-1.115123
-0.020342
-0.019919
-0.020342
-0.019992
-1.115123
-0.030010
-0.029029
-0.030010
-0.030595
-1.115123
-0.032267
-0.034515
-1.115123
-0.016076
-0.015153
-0.016076
-0.015711
-0.016076
-0.015784
-1.115123
-0.014384
-0.014310
-0.014384
-0.014637
-1.115123
-0.025113
-0.022931
-0.025113
-0.025113
-1.115123
-0.019122
-0.019122
-0.019122
-0.018658
-0.019122
-0.019080
-1.115123
-0.012257
-0.012257
-0.012257
-0.012268
-0.012257
-0.012257
-1.115123
-0.033635
-0.033635
-0.033635
-0.035934
-1.115123
-0.041342
-0.049352
-1.115123
-0.017477
-0.017500
-1.115123
-0.021696
-0.022598
-1.115123
-0.026669
-0.028044
-1.115123
-0.033342
-0.033342
-0.033342
-0.033774
-1.115123
-0.020263
-0.020263
-1.115123
-0.027902
-0.026612
-1.115123
-0.015373
-0.014973
-1.115123
-0.016122
-0.015683
-1.115123
-0.021388
-0.019560
-1.115123
-0.017287
-0.015633
-0.017287
-0.017651
-1.115123
-0.018946
-0.018933
-0.018933
-0.018946
-0.018946
-0.018946
-0.018946
-1.115123
-0.017090
-0.015758
-0.017090
-0.016707
-0.017090
-0.017296
-1.115123
-0.021806
-0.018117
-1.115123
-0.029115
-0.025483
-1.115123
-0.019335
-0.016309
-0.019335
-0.018744
-1.115123
-0.018516
-0.015722
-0.018516
-0.019251
-1.115123
-0.025983
-0.022245
-0.025983
-0.026421
-1.115123
-0.017082
-0.015465
-1.115123
-0.029886
-0.029792
-0.029886
-0.026186
-1.115123
-0.021865
-0.019284
-0.021865
-0.019829
-1.115123
-0.020689
-0.017262
-1.115123
-0.039819
-0.029026
-1.115123
-0.029181
-0.029181
-1.115123
-0.056536
-0.037001
-1.115123
-0.024112
-0.022823
-1.115123
-0.024548
-0.019867
-1.115123
-0.012829
-0.011422
-1.115123
-0.015609
-0.013575
-1.115123
-0.016837
-0.014420
-1.115123
-0.013764
-0.012882
-1.115123
-0.021813
-0.018037
-1.115123
-0.023400
-0.018815
-1.115123
-0.020931
-0.020931
-1.115123
-0.024117
-0.019584
-1.115123
-0.071507
-0.049736
-1.115123
-0.043610
-0.030989
-1.115123
-0.016230
-0.016448
-1.115123
-0.017329
-0.017208
-0.017329
-0.017496
-0.017329
-0.017640
-0.017329
-0.016460
-1.115123
-0.027276
-0.027898
-0.027276
-0.025623
-1.115123
-0.028300
-0.028970
-1.115123
-0.019441
-0.019755
-1.115123
-0.021444
-0.020989
-1.115123
-0.018602
-0.019076
-1.115123
-0.026631
-0.026464
-1.115123
-0.038278
-0.037969
-1.115123
-0.018458
-0.018386
-1.115123
-0.021612
-0.020805
-1.115123
-0.034185
-0.035042
-1.115123
-0.014327
-0.014502
-0.014327
-0.014284
-1.115123
-0.012692
-0.012882
-0.012692
-0.012658
-1.115123
-0.040703
-0.041956
-1.115123
-0.030141
-0.029949
-0.030141
-0.030141
-1.115123
-0.020286
-0.020507
-1.115123
-0.022809
-0.022572
-0.022809
-0.022809
-1.115123
-0.016778
-0.016719
-1.115123
-0.017107
-0.017045
-0.017107
-0.018263
-1.115123
-0.016559
-0.016501
-0.016559
-0.016559
-1.115123
-0.016911
-0.016850
-1.115123
-0.019740
-0.019657
-0.019740
-0.020023
-1.115123
-0.021973
-0.021871
-1.115123
-0.026558
-0.025977
-0.026558
-0.026409
-1.115123
-0.016287
-0.016484
-1.115123
-0.024714
-0.024995
-0.024714
-0.025170
-1.115123
-0.063260
-0.062420
-1.115123
-0.021843
-0.021742
-1.115123
-0.024482
-0.023030
-1.115123
-0.022707
-0.022598
-1.115123
-0.021715
-0.021523
-1.115123
-0.024192
-0.024068
-1.115123
-0.016686
-0.016627
-1.115123
-0.042983
-0.042916
-1.115123
-0.018954
-0.018878
-1.115123
-0.021061
-0.020967
-1.115123
-0.015552
-0.015501
-1.115123
-0.021353
-0.021256
-1.115123
-0.016521
-0.016463
-1.115123
-0.021665
-0.020519
-1.115123
-0.022667
-0.023102
-1.115123
-0.019276
-0.019197
-1.115123
-0.026724
-0.027258
-0.026724
-0.027306
-1.115123
-0.042050
-0.043388
-1.115123
-0.049317
-0.051168
-1.115123
-0.028342
-0.028943
-0.028342
-0.028312
-0.028312
-1.115123
-0.021177
-0.021786
-1.115123
-0.027106
-0.027656
-1.115123
-0.015938
-0.015892
-0.015938
-0.016127
-1.115123
-0.023872
-0.025637
-1.115123
-0.045816
-0.047409
-1.115123
-0.016352
-0.016550
-0.016352
-0.016999
-1.115123
-0.016982
-0.017196
-0.016982
-0.017096
-1.115123
-0.022461
-0.021719
-0.022461
-0.024815
-1.115123
-0.021011
-0.021437
-0.021011
-0.022473
-1.115123
-0.021477
-0.021820
-1.115123
-0.028425
-0.029030
-1.115123
-0.019680
-0.019736
-1.115123
-0.018668
-0.018825
-1.115123
-0.031545
-0.031510
-1.115123
-0.022673
-0.025361
-0.022673
-0.024097
-0.022673
-0.023319
-1.115123
-0.020899
-0.020713
-0.020899
-0.020899
-1.115123
-0.016109
-0.016275
-1.115123
-0.021382
-0.021327
-0.021382
-0.021382
-1.115123
-0.017936
-0.019199
-0.017936
-0.017605
-1.115123
-0.025165
-0.025616
-1.115123
-0.031044
-0.033359
-1.115123
-0.035917
-0.042204
-1.115123
-0.033756
-0.033402
-1.115123
-0.018433
-0.018834
-1.115123
-0.028318
-0.031275
-1.115123
-0.030083
-0.030780
-1.115123
-0.044973
-0.046436
-1.115123
-0.024852
-0.024852
-1.115123
-0.018950
-0.020393
-1.115123
-0.054868
-0.058303
-1.115123
-0.019345
-0.019331
-1.115123
-0.018317
-0.018591
-1.115123
-0.046715
-0.048263
-1.115123
-0.027373
-0.027654
-1.115123
-0.017008
-0.017116
-1.115123
-0.016731
-0.016946
-0.016731
-0.016700
-0.016731
-0.016835
-1.115123
-0.016669
-0.016021
-0.016669
-0.016914
-1.115123
-0.023282
-0.023282
-0.023282
-0.023161
-1.115123
-0.014486
-0.014932
-0.014486
-0.014231
-0.014486
-0.014683
-1.115123
-0.020892
-0.018556
-1.115123
-0.038578
-0.038688
-1.115123
-0.020377
-0.020377
-1.115123
-0.029707
-0.029563
-1.115123
-0.035634
-0.038177
-0.035634
-1.115123
-0.021000
-0.021000
-1.115123
-0.015050
-0.015486
-0.015524
-1.115123
-0.018059
-0.018690
-0.018745
-1.115123
-0.016641
-0.017176
-0.017222
-1.115123
-0.027131
-0.029242
-1.115123
-0.013712
-0.013925
-1.115123
-0.024142
-0.025651
-0.024142
-0.024574
-1.115123
-0.019403
-0.019403
-0.019403
-0.020753
-1.115123
-0.023207
-0.023207
-1.115123
-0.045058
-1.115123
-0.024891
-0.024886
-1.115123
-0.014628
-0.014628
-0.014605
-0.014628
-0.014807
-1.115123
-0.023146
-0.023303
-0.023146
-0.023090
-1.115123
-0.012845
-0.012851
-1.115123
-0.012207
-0.012361
-1.115123
-0.013832
-1.115123
-0.015189
-1.115123
-0.014617
-1.115123
-0.036333
-0.037149
-1.115123
-0.026969
-0.026685
-1.115123
-0.025129
-0.024820
-1.115123
-0.023041
-0.022984
-1.115123
-0.026749
-0.026924
-1.115123
-0.027433
-0.027997
-0.027433
-0.027482
-0.027433
-0.027433
-1.115123
-0.016986
-0.016956
-0.016986
-0.017804
-1.115123
-0.022260
-0.024000
-0.022260
-0.023461
-1.115123
-0.020144
-0.022048
-0.020144
-0.020386
-0.020144
-0.020170
-0.020144
-0.020144
-1.115123
-0.025119
-0.025160
-0.025119
-0.025119
-1.115123
-0.024475
-0.024539
-0.024475
-0.024514
-0.024475
-0.024475
-1.115123
-0.043462
-0.043261
-1.115123
-0.021562
-0.021592
-1.115123
-0.025923
-0.024991
-1.115123
-0.022936
-0.023016
-1.115123
-0.020642
-0.020894
-1.115123
-0.025650
-0.025693
-1.115123
-0.033876
-0.033950
-1.115123
-0.032348
-0.032085
-1.115123
-0.026768
-0.026691
-1.115123
-0.021881
-0.021823
-0.021881
-0.021881
-1.115123
-0.024876
-0.025314
-1.115123
-0.020983
-0.020294
-0.020983
-0.021340
-1.115123
-0.015409
-0.015347
-1.115123
-0.031831
-0.031569
-1.115123
-0.023026
-0.023026
-0.023026
-0.022201
-0.023026
-0.021432
-1.115123
-0.021445
-0.021254
-1.115123
-0.022656
-0.022634
-1.115123
-0.040014
-0.041467
-1.115123
-0.016415
-0.016378
-1.115123
-0.044684
-0.044684
-1.115123
-0.022380
-0.022513
-1.115123
-0.040650
-1.115123
-0.030681
-1.115123
-0.042479
-1.115123
-0.032475
-1.115123
-0.029722
-1.115123
-0.034391
-1.115123
-0.036323
-1.115123
-0.016269
-1.115123
-0.028972
-0.024577
-1.115123
-0.025349
-0.025191
-0.025349
-0.025009
-0.025349
-0.025349
-1.115123
-0.014158
-0.013006
-1.115123
-0.025458
-0.022025
-1.115123
-0.019846
-0.019998
-0.019846
-0.017595
-1.115123
-0.029130
-0.022766
-1.115123
-0.063717
-0.045838
-1.115123
-0.039819
-0.029026
-1.115123
-0.057822
-0.037186
-1.115123
-0.016627
-0.015091
-1.115123
-0.035223
-0.028975
-1.115123
-0.021076
-0.018667
-1.115123
-0.044481
-1.115123
-0.018722
-0.019656
-0.018722
-0.019013
-1.115123
-0.054068
-0.056568
-1.115123
-0.015789
-0.016032
-0.015789
-0.016598
-0.015789
-0.015776
-1.115123
-0.022458
-0.023197
-1.115123
-0.027495
-0.027335
-0.027495
-0.027310
-1.115123
-0.025807
-0.025667
-1.115123
-0.031049
-0.030938
-0.031049
-0.030845
-1.115123
-0.033553
-0.033315
-1.115123
-0.033432
-0.033196
-1.115123
-0.027907
-0.027743
-1.115123
-0.026604
-0.027181
-1.115123
-0.017376
-0.017312
-0.017376
-0.017805
-1.115123
-0.013945
-0.013945
-0.013945
-0.013903
-1.115123
-0.029583
-0.029398
-1.115123
-0.017826
-0.017759
-0.017826
-0.018194
-1.115123
-0.027934
-0.028994
-1.115123
-0.019069
-0.018992
-1.115123
-0.020858
-0.020765
-0.020858
-0.020858
-1.115123
-0.028395
-0.028225
-0.028395
-0.028999
-1.115123
-0.031378
-0.031170
-1.115123
-0.022093
-0.022459
-0.022093
-0.021989
-1.115123
-0.027523
-0.026227
-1.115123
-0.030797
-0.031624
-1.115123
-0.036683
-0.036399
-0.036683
-0.036683
-1.115123
-0.018899
-0.018823
-1.115123
-0.046215
-0.047821
-1.115123
-0.022676
-0.022211
-0.022676
-1.115123
-0.024411
-0.024284
-1.115123
-0.020416
-0.020328
-1.115123
-0.016174
-0.016119
-1.115123
-0.022258
-0.022153
-1.115123
-0.026809
-0.026657
-1.115123
-0.018737
-0.019603
-1.115123
-0.022710
-0.022785
-0.022710
-0.023102
-1.115123
-0.020637
-0.020935
-0.020637
-0.019805
-0.020637
-0.020637
-1.115123
-0.019753
-0.019810
-1.115123
-0.020943
-0.021006
-0.020943
-0.020460
-1.115123
-0.021155
-0.021442
-1.115123
-0.011380
-0.011471
-0.011380
-0.011412
-1.115123
-0.016572
-0.016767
-0.016572
-0.015968
-1.115123
-0.014575
-0.014678
-1.115123
-0.041918
-0.041918
-0.043186
-1.115123
-0.043552
-0.044018
-0.043552
-0.043552
-1.115123
-0.019702
-0.020443
-0.019702
-0.018967
-1.115123
-0.015843
-0.015934
-0.015843
-0.015969
-0.015843
-0.015843
-1.115123
-0.032180
-0.032061
-1.115123
-0.025742
-1.115123
-0.018726
-0.018721
-0.018726
-0.018726
-1.115123
-0.028749
-0.029035
-0.028749
-0.028779
-1.115123
-0.034153
-0.034874
-1.115123
-0.034964
-0.034964
-1.115123
-0.021543
-0.021543
-1.115123
-0.040096
-1.115123
-0.015356
-0.015522
-0.015356
-0.015299
-1.115123
-0.022853
-0.022853
-1.115123
-0.023770
-0.024155
-0.023770
-0.022144
-0.023770
-0.023258
-1.115123
-0.019615
-1.115123
-0.027547
-0.027430
-0.027547
-0.027519
-0.027547
-0.027547
-1.115123
-0.018550
-0.019008
-0.018550
-0.018563
-1.115123
-0.023249
-0.023117
-0.023249
-0.022066
-1.115123
-0.045976
-1.115123
-0.018255
-0.018016
-0.018255
-0.018242
-0.018242
-1.115123
-0.027358
-0.027544
-1.115123
-0.045248
-0.045758
-1.115123
-0.020962
-0.020962
-1.115123
-0.013763
-0.013869
-0.013763
-0.014098
-1.115123
-0.019522
-0.020242
-1.115123
-0.022450
-0.023407
-1.115123
-0.012074
-0.012154
-0.012074
-0.012321
-0.012074
-0.012069
-0.012074
-0.012039
-0.012074
-0.012074
-1.115123
-0.031290
-0.032981
-0.031290
-0.029053
-0.031290
-0.031290
-1.115123
-0.012043
-0.011902
-0.012043
-0.011869
-0.012043
-0.012023
-0.012043
-0.011982
-0.012043
-0.012152
-1.115123
-0.021004
-0.021113
-0.021004
-0.021958
-0.021004
-0.021700
-1.115123
-0.026586
-1.115123
-0.038427
-0.037609
-1.115123
-0.031435
-0.029387
-1.115123
-0.044670
-0.044670
-1.115123
-0.039184
-0.039281
-0.039184
-0.037012
-1.115123
-0.023470
-0.023162
-0.023470
-0.023547
-0.023470
-0.024149
-1.115123
-0.027469
-0.028120
-0.027469
-0.026931
-1.115123
-0.037660
-1.115123
-0.054866
-0.053093
-1.115123
-0.024740
-0.023813
-0.024740
-0.024678
-0.024740
-0.024990
-1.115123
-0.031208
-0.031800
-1.115123
-0.025884
-0.025462
-1.115123
-0.045497
-1.115123
-0.019084
-0.018776
-0.019084
-0.019139
-1.115123
-0.025554
-0.025782
-1.115123
-0.038717
-0.038717
-1.115123
-0.027325
-0.026718
-1.115123
-0.018663
-0.017869
-0.018663
-0.018538
-1.115123
-0.020317
-0.021571
-0.020317
-0.019505
-1.115123
-0.023197
-0.023177
-1.115123
-0.023242
-0.021934
-0.023242
-0.022417
-0.023242
-0.023242
-1.115123
-0.025310
-0.024798
-1.115123
-0.033678
-1.115123
-0.013638
-0.013854
-0.013638
-0.014093
-1.115123
-0.014048
-0.014347
-0.014048
-0.014028
-0.014048
-0.013971
-1.115123
-0.041421
-0.040096
-1.115123
-0.026947
-0.024476
-1.115123
-0.013822
-0.013739
-0.013822
-0.014282
-1.115123
-0.045353
-1.115123
-0.016490
-0.015949
-0.016490
-0.016384
-1.115123
-0.025000
-1.115123
-0.036206
-0.035519
-1.115123
-0.020980
-0.020873
-0.020980
-0.021292
-1.115123
-0.025542
-1.115123
-0.012083
-0.012083
-0.012003
-0.012083
-0.012083
-1.115123
-0.019185
-0.018490
-0.019185
-0.018525
-1.115123
-0.029211
-0.029179
-0.029211
-0.029211
-1.115123
-0.010374
-0.010367
-0.010374
-0.010367
-0.010374
-0.010442
-1.115123
-0.034600
-0.031982
-1.115123
-0.018793
-0.018021
-0.018793
-0.019044
-0.018793
-0.018793
-1.115123
-0.019305
-0.018380
-0.019305
-0.019150
-0.019305
-0.019069
-1.115123
-0.016580
-0.016465
-0.016580
-0.016580
-1.115123
-0.035752
-0.034452
-0.035752
-0.035752
-1.115123
-0.038897
-0.038897
-1.115123
-0.014852
-0.014916
-0.014852
-0.014731
-1.115123
-0.015562
-0.015907
-1.115123
-0.009928
-0.009785
-0.009928
-0.009599
-0.009928
-0.009917
-1.115123
-0.017073
-1.115123
-0.055068
-1.115123
-0.019031
-0.018132
-0.019031
-0.019225
-0.019031
-0.018455
-0.019031
-0.018600
-0.019031
-0.019031
-1.115123
-0.011786
-0.011640
-0.011786
-0.011852
-1.115123
-0.014210
-0.013553
-0.014210
-0.014319
-1.115123
-0.023636
-1.115123
-0.028206
-1.115123
-0.016932
-0.016475
-0.016932
-0.016342
-0.016932
-0.016922
-1.115123
-0.036575
-1.115123
-0.020348
-0.019918
-0.020348
-0.020546
-1.115123
-0.034003
-0.032193
-1.115123
-0.014831
-0.014185
-0.014831
-0.015059
-0.014831
-0.015033
-0.014831
-0.014875
-1.115123
-0.033458
-0.033508
-1.115123
-0.026532
-0.029695
-1.115123
-0.021790
-0.021790
-1.115123
-0.016134
-0.016234
-0.016134
-0.015949
-0.016134
-0.016144
-1.115123
-0.014847
-1.115123
-0.033054
-0.033589
-0.033054
-0.032568
-1.115123
-0.025295
-0.024921
-1.115123
-0.023818
-1.115123
-0.026831
-0.026855
-0.026831
-0.025792
-1.115123
-0.036158
-1.115123
-0.011002
-0.011022
-0.011002
-0.010993
-0.011002
-0.011174
-1.115123
-0.015559
-0.015690
-1.115123
-0.035985
-0.036701
-1.115123
-0.020622
-0.020722
-1.115123
-0.016280
-0.016453
-0.016280
-0.016723
-0.016280
-0.015536
-1.115123
-0.033985
-1.115123
-0.032269
-1.115123
-0.013482
-0.013929
-0.013482
-0.013635
-0.013482
-0.013848
-1.115123
-0.012113
-0.012096
-0.012113
-0.012142
-0.012113
-0.012286
-1.115123
-0.023338
-0.022227
-0.022227
-1.115123
-0.026845
-1.115123
-0.031562
-0.031878
-0.031562
-0.032111
-1.115123
-0.013598
-0.013616
-0.013598
-0.013388
-1.115123
-0.010298
-0.010270
-0.010298
-0.009944
-0.010298
-0.010298
-1.115123
-0.023222
-0.022907
-0.023222
-0.022800
-1.115123
-0.038380
-0.038380
-1.115123
-0.014695
-0.014569
-0.014695
-0.014442
-1.115123
-0.024313
-1.115123
-0.014850
-0.014683
-0.014850
-0.014815
-1.115123
-0.020114
-0.019811
-0.020114
-0.020050
-1.115123
-0.031791
-0.032455
-1.115123
-0.030175
-1.115123
-0.012851
-0.012943
-0.012851
-0.012469
-0.012851
-0.013029
-1.115123
-0.014512
-0.014627
-0.014512
-0.014668
-1.115123
-0.035231
-1.115123
-0.030434
-0.032670
-1.115123
-0.038125
-0.039684
-1.115123
-0.009957
-0.010037
-1.115123
-0.016509
-0.016731
-1.115123
-0.025644
-0.025890
-1.115123
-0.018791
-0.017258
-1.115123
-0.027606
-0.026342
-1.115123
-0.034930
-0.038202
-0.034930
-0.036509
-1.115123
-0.016092
-0.015663
-0.016092
-0.016397
-1.115123
-0.045231
-0.045231
-1.115123
-0.013649
-0.012729
-1.115123
-0.013541
-0.013556
-0.013541
-0.013511
-1.115123
-0.013727
-0.013848
-0.013727
-0.013997
-1.115123
-0.020267
-0.020466
-1.115123
-0.017958
-0.017930
-0.017958
-0.017422
-0.017958
-0.017958
-1.115123
-0.027881
-0.028469
-1.115123
-0.022653
-0.022612
-0.022653
-0.022609
-1.115123
-0.024955
-0.024978
-0.024955
-0.025670
-1.115123
-0.013456
-0.013662
-0.013456
-0.013944
-1.115123
-0.015060
-0.015124
-0.015060
-0.015116
-1.115123
-0.032175
-0.033373
-1.115123
-0.013086
-0.013264
-1.115123
-0.018423
-0.018394
-1.115123
-0.014509
-0.014509
-0.014509
-0.014911
-1.115123
-0.024765
-0.024765
-1.115123
-0.024745
-1.115123
-0.014433
-0.014537
-0.014433
-0.014393
-1.115123
-0.038534
-1.115123
-0.017833
-1.115123
-0.016915
-0.017068
-1.115123
-0.037568
-0.040892
-1.115123
-0.018052
-1.115123
-0.038612
-0.039975
-1.115123
-0.018520
-0.019191
-0.018520
-0.018822
-0.018520
-0.017927
-0.018520
-0.018845
-1.115123
-0.013599
-0.013599
-0.013599
-0.013703
-0.013599
-0.013590
-0.013599
-0.013574
-0.013599
-0.012783
-0.013599
-0.013276
-0.013599
-0.013773
-1.115123
-0.026554
-0.023389
-0.026554
-0.026544
-1.115123
-0.026626
-1.115123
-0.014814
-0.014389
-0.014814
-0.014969
-0.014814
-0.014814
-1.115123
-0.013661
-0.013710
-0.013661
-0.013307
-0.013661
-0.013682
-1.115123
-0.034775
-0.034757
-1.115123
-0.015728
-0.015591
-0.015728
-0.015728
-1.115123
-0.017557
-0.017034
-0.017557
-0.017521
-0.017557
-0.017557
-1.115123
-0.019143
-0.018926
-1.115123
-0.033523
-0.033086
-1.115123
-0.016300
-0.015849
-1.115123
-0.022257
-1.115123
-0.020202
-1.115123
-0.020452
-1.115123
-0.019566
-1.115123
-0.020211
-1.115123
-0.053823
-0.056080
-1.115123
-0.041646
-0.040531
-1.115123
-0.022677
-1.115123
-0.030396
-0.029520
-0.030396
-0.030029
-1.115123
-0.024284
-1.115123
-0.050708
-0.054084
-1.115123
-0.015098
-0.014710
-0.015098
-0.015098
-1.115123
-0.016881
-0.016212
-0.016881
-0.016725
-1.115123
-0.024092
-0.022428
-0.024092
-0.024044
-1.115123
-0.028363
-0.028960
-1.115123
-0.046181
-0.048252
-1.115123
-0.013522
-0.013746
-1.115123
-0.022795
-0.022658
-0.022795
-0.021571
-1.115123
-0.013295
-0.013359
-0.013295
-0.013295
-1.115123
-0.012105
-0.011801
-0.012105
-0.012141
-0.012105
-0.012105
-1.115123
-0.025970
-0.026214
-1.115123
-0.013672
-0.013337
-1.115123
-0.021135
-0.021699
-1.115123
-0.021835
-1.115123
-0.019285
-0.018639
-1.115123
-0.030066
-0.029715
-1.115123
-0.023148
-1.115123
-0.020296
-1.115123
-0.012506
-0.012702
-1.115123
-0.034981
-1.115123
-0.025131
-1.115123
-0.016612
-0.015877
-0.016612
-0.016381
-0.016612
-0.016510
-1.115123
-0.026431
-0.026316
-0.026431
-0.026263
-1.115123
-0.039961
-0.040084
-1.115123
-0.049831
-1.115123
-0.036505
-0.036607
-1.115123
-0.025666
-0.027211
-0.025666
-0.025690
-1.115123
-0.027970
-0.027118
-0.027970
-0.028717
-1.115123
-0.018960
-0.018502
-1.115123
-0.016589
-0.017439
-0.016589
-0.016589
-1.115123
-0.035306
-1.115123
-0.024084
-0.025737
-1.115123
-0.020927
-0.020172
-0.020927
-0.021342
-1.115123
-0.016417
-0.016417
-1.115123
-0.019932
-1.115123
-0.020793
-0.020757
-1.115123
-0.036949
-0.035695
-1.115123
-0.013725
-0.013134
-0.013725
-0.013722
-0.013725
-0.013671
-0.013725
-0.013761
-1.115123
-0.040323
-0.039485
-1.115123
-0.013635
-0.013575
-0.013635
-0.013598
-0.013635
-0.013849
-0.013635
-0.013568
-0.013635
-0.013621
-1.115123
-0.067109
-1.115123
-0.027574
-0.027574
-0.027574
-0.027574
-1.115123
-0.040681
-0.038591
-1.115123
-0.012176
-0.012313
-1.115123
-0.040096
-1.115123
-0.012701
-0.012657
-0.012701
-0.012721
-1.115123
-0.023575
-1.115123
-0.017425
-0.018356
-1.115123
-0.014480
-0.014510
-0.014480
-0.014480
-1.115123
-0.022608
-0.022807
-1.115123
-0.016286
-0.016397
-1.115123
-0.013606
-0.013606
-1.115123
-0.018819
-0.019118
-1.115123
-0.021103
-1.115123
-0.022477
-0.022534
-0.022477
-0.021226
-0.022477
-0.022477
-1.115123
-0.034867
-1.115123
-0.015982
-0.015377
-0.015982
-0.015534
-0.015982
-0.016125
-1.115123
-0.078114
-1.115123
-0.014189
-0.013991
-0.014189
-0.013047
-0.014189
-0.014323
-0.014189
-0.014018
-1.115123
-0.029022
-0.028789
-1.115123
-0.020648
-0.020812
-0.020648
-0.021233
-0.020648
-0.021851
-1.115123
-0.025124
-0.025593
-1.115123
-0.023475
-0.023618
-1.115123
-0.023710
-0.022479
-0.023710
-0.023645
-0.023710
-0.022811
-1.115123
-0.034377
-1.115123
-0.057095
-1.115123
-0.025321
-0.024122
-0.025321
-0.025632
-1.115123
-0.032329
-0.033293
-0.032329
-0.031824
-1.115123
-0.019829
-0.019923
-0.019829
-0.019823
-1.115123
-0.018650
-1.115123
-0.024399
-0.024465
-0.024399
-0.023063
-0.024399
-0.024377
-1.115123
-0.023631
-0.024320
-0.023631
-0.023631
-1.115123
-0.041211
-1.115123
-0.026057
-0.023125
-0.026057
-0.026057
-1.115123
-0.019122
-0.019124
-1.115123
-0.043958
-0.039996
-1.115123
-0.044847
-0.045835
-0.044847
-0.043755
-1.115123
-0.026670
-0.026435
-0.026670
-0.026670
-1.115123
