-164.9880
-164.9512
-164.9880
-164.9512
-169.7303
-169.6935
-169.7303
-169.6935
-165.7163
-165.6795
-165.7163
-165.6795
-170.4585
-170.4218
-170.4585
-170.4218
-164.8470
-164.8103
-164.8470
-164.8103
-169.5893
-169.5525
-169.5893
-169.5525
-165.5753
-165.5385
-165.5753
-165.5385
-170.3175
-170.2808
-170.3175
-170.2808
-165.1079
-165.0712
-165.1079
-165.0712
-169.8502
-169.8134
-169.8502
-169.8134
-165.8362
-165.7995
-165.8362
-165.7995
-170.5785
-170.5417
-170.5785
-170.5417
-164.9669
-164.9302
-164.9669
-164.9302
-169.7092
-169.6724
-169.7092
-169.6724
-165.6952
-165.6585
-165.6952
-165.6585
-170.4375
-170.4007
-170.4375
-170.4007
-165.1652
-165.1284
-165.1652
-165.1284
-169.9074
-169.8707
-169.9074
-169.8707
-165.8935
-165.8567
-165.8935
-165.8567
-170.6357
-170.5990
-170.6357
-170.5990
-165.0242
-164.9874
-165.0242
-164.9874
-169.7664
-169.7297
-169.7664
-169.7297
-165.7525
-165.7157
-165.7525
-165.7157
-170.4947
-170.4580
-170.4947
-170.4580
-165.2851
-165.2484
-165.2851
-165.2484
-170.0274
-169.9906
-170.0274
-169.9906
-166.0134
-165.9766
-166.0134
-165.9766
-170.7556
-170.7189
-170.7556
-170.7189
-165.1441
-165.1074
-165.1441
-165.1074
-169.8864
-169.8496
-169.8864
-169.8496
-165.8724
-165.8356
-165.8724
-165.8356
-170.6147
-170.5779
-170.6147
-170.5779
-164.8170
-164.7803
-164.8170
-164.7803
-169.5593
-169.5225
-169.5593
-169.5225
-165.5453
-165.5085
-165.5453
-165.5085
-170.2875
-170.2508
-170.2875
-170.2508
-164.6760
-164.6393
-164.6760
-164.6393
-169.4183
-169.3815
-169.4183
-169.3815
-165.4043
-165.3675
-165.4043
-165.3675
-170.1465
-170.1098
-170.1465
-170.1098
-164.9370
-164.9002
-164.9370
-164.9002
-169.6792
-169.6424
-169.6792
-169.6424
-165.6652
-165.6285
-165.6652
-165.6285
-170.4075
-170.3707
-170.4075
-170.3707
-164.7960
-164.7592
-164.7960
-164.7592
-169.5382
-169.5014
-169.5382
-169.5014
-165.5242
-165.4875
-165.5242
-165.4875
-170.2665
-170.2297
-170.2665
-170.2297
-164.9942
-164.9574
-164.9942
-164.9574
-169.7365
-169.6997
-169.7365
-169.6997
-165.7225
-165.6857
-165.7225
-165.6857
-170.4647
-170.4280
-170.4647
-170.4280
-164.8532
-164.8165
-164.8532
-164.8165
-169.5955
-169.5587
-169.5955
-169.5587
-165.5815
-165.5447
-165.5815
-165.5447
-170.3237
-170.2870
-170.3237
-170.2870
-165.1141
-165.0774
-165.1141
-165.0774
-169.8564
-169.8196
-169.8564
-169.8196
-165.8424
-165.8056
-165.8424
-165.8056
-170.5847
-170.5479
-170.5847
-170.5479
-164.9731
-164.9364
-164.9731
-164.9364
-169.7154
-169.6786
-169.7154
-169.6786
-165.7014
-165.6647
-165.7014
-165.6647
-170.4437
-170.4069
-170.4437
-170.4069
-161.3830
-161.3463
-161.3830
-161.3463
-166.1253
-166.0885
-166.1253
-166.0885
-162.1113
-162.0745
-162.1113
-162.0745
-166.8535
-166.8168
-166.8535
-166.8168
-161.2420
-161.2053
-161.2420
-161.2053
-165.9843
-165.9475
-165.9843
-165.9475
-161.9703
-161.9335
-161.9703
-161.9335
-166.7126
-166.6758
-166.7126
-166.6758
-161.5030
-161.4662
-161.5030
-161.4662
-166.2452
-166.2085
-166.2452
-166.2085
-162.2313
-162.1945
-162.2313
-162.1945
-166.9735
-166.9367
-166.9735
-166.9367
-161.3620
-161.3252
-161.3620
-161.3252
-166.1042
-166.0675
-166.1042
-166.0675
-162.0902
-162.0535
-162.0902
-162.0535
-166.8325
-166.7957
-166.8325
-166.7957
-161.5602
-161.5235
-161.5602
-161.5235
-166.3025
-166.2657
-166.3025
-166.2657
-162.2885
-162.2517
-162.2885
-162.2517
-167.0307
-166.9940
-167.0307
-166.9940
-161.4192
-161.3825
-161.4192
-161.3825
-166.1615
-166.1247
-166.1615
-166.1247
-162.1475
-162.1107
-162.1475
-162.1107
-166.8897
-166.8530
-166.8897
-166.8530
-161.6801
-161.6434
-161.6801
-161.6434
-166.4224
-166.3856
-166.4224
-166.3856
-162.4084
-162.3717
-162.4084
-162.3717
-167.1507
-167.1139
-167.1507
-167.1139
-161.5392
-161.5024
-161.5392
-161.5024
-166.2814
-166.2446
-166.2814
-166.2446
-162.2674
-162.2307
-162.2674
-162.2307
-167.0097
-166.9729
-167.0097
-166.9729
-161.2120
-161.1753
-161.2120
-161.1753
-165.9543
-165.9175
-165.9543
-165.9175
-161.9403
-161.9035
-161.9403
-161.9035
-166.6826
-166.6458
-166.6826
-166.6458
-161.0710
-161.0343
-161.0710
-161.0343
-165.8133
-165.7765
-165.8133
-165.7765
-161.7993
-161.7626
-161.7993
-161.7626
-166.5416
-166.5048
-166.5416
-166.5048
-161.3320
-161.2952
-161.3320
-161.2952
-166.0742
-166.0375
-166.0742
-166.0375
-162.0603
-162.0235
-162.0603
-162.0235
-166.8025
-166.7658
-166.8025
-166.7658
-161.1910
-161.1543
-161.1910
-161.1543
-165.9333
-165.8965
-165.9333
-165.8965
-161.9193
-161.8825
-161.9193
-161.8825
-166.6615
-166.6248
-166.6615
-166.6248
-161.3892
-161.3525
-161.3892
-161.3525
-166.1315
-166.0947
-166.1315
-166.0947
-162.1175
-162.0807
-162.1175
-162.0807
-166.8597
-166.8230
-166.8597
-166.8230
-161.2482
-161.2115
-161.2482
-161.2115
-165.9905
-165.9537
-165.9905
-165.9537
-161.9765
-161.9397
-161.9765
-161.9397
-166.7188
-166.6820
-166.7188
-166.6820
-161.5092
-161.4724
-161.5092
-161.4724
-166.2514
-166.2146
-166.2514
-166.2146
-162.2375
-162.2007
-162.2375
-162.2007
-166.9797
-166.9429
-166.9797
-166.9429
-161.3682
-161.3314
-161.3682
-161.3314
-166.1104
-166.0737
-166.1104
-166.0737
-162.0964
-162.0597
-162.0964
-162.0597
-166.8387
-166.8019
-166.8387
-166.8019
-39.3296
-49.2218
-81.3793
-81.6163
-98.7729
-98.7729
-101.7515
-101.7515
-98.9501
-98.9501
-101.9287
-101.9287
-153.1621
-156.7146
-155.0406
-158.5932
-153.5703
-157.1228
-155.4488
-159.0013
-158.6568
-162.2094
-160.5354
-164.0879
-159.0650
-162.6176
-160.9435
-164.4961
-149.8683
-153.4208
-151.7468
-155.2994
-150.2765
-153.8290
-152.1550
-155.7076
-155.3630
-158.9156
-157.2416
-160.7941
-155.7712
-159.3238
-157.6497
-161.2023
-156.7283
-160.2808
-158.6068
-162.1593
-157.1365
-160.6890
-159.0150
-162.5675
-162.2230
-165.7756
-164.1015
-167.6541
-162.6312
-166.1837
-164.5097
-168.0623
-153.4345
-156.9870
-155.3130
-158.8655
-153.8427
-157.3952
-155.7212
-159.2737
-158.9292
-162.4818
-160.8077
-164.3603
-159.3374
-162.8899
-161.2159
-164.7685
-283.8672
-283.8672
-285.0542
-285.0542
-284.2633
-284.2633
-285.4503
-285.4503
-77.1271
-77.1271
-77.3740
-77.3740
-77.1271
-77.1271
-77.3740
-77.3740
-76.9658
-76.9658
-77.2127
-77.2127
-76.9658
-76.9658
-77.2127
-77.2127
-58.7647
-115.7972
-117.0851
-115.5539
-116.8418
-114.5946
-115.8825
-114.3513
-115.6392
-50.7164
-52.5738
-91.5806
-93.9938
-100.5871
-103.0002
-84.2183
-83.8501
-49.4920
-50.0066
-49.3210
-49.8357
-16.5329
-16.5329
-13.8618
-13.8618
-79.0947
-79.0947
-18.6287
-22.9935
-30.1943
-33.0220
-54.5902
-30.6270
-30.7317
-30.6270
-30.7317
-83.6696
-83.6696
-88.7131
-88.7131
-83.6081
-83.6081
-88.6515
-88.6515
-86.0996
-86.0996
-91.1431
-91.1431
-86.0381
-86.0381
-91.0815
-91.0815
-84.6762
-84.6762
-89.7196
-89.7196
-84.6146
-84.6146
-89.6581
-89.6581
-87.1062
-87.1062
-92.1496
-92.1496
-87.0446
-87.0446
-92.0881
-92.0881
-85.5905
-85.5905
-90.6339
-90.6339
-85.5289
-85.5289
-90.5723
-90.5723
-88.0205
-88.0205
-93.0639
-93.0639
-87.9589
-87.9589
-93.0023
-93.0023
-82.1345
-82.1345
-87.1779
-87.1779
-82.0729
-82.0729
-87.1163
-87.1163
-84.5645
-84.5645
-89.6079
-89.6079
-84.5029
-84.5029
-89.5463
-89.5463
-83.1411
-83.1411
-88.1845
-88.1845
-83.0795
-83.0795
-88.1229
-88.1229
-85.5711
-85.5711
-90.6145
-90.6145
-85.5095
-85.5095
-90.5529
-90.5529
-84.0554
-84.0554
-89.0988
-89.0988
-83.9938
-83.9938
-89.0372
-89.0372
-86.4853
-86.4853
-91.5287
-91.5287
-86.4238
-86.4238
-91.4672
-91.4672
-83.6696
-83.6696
-88.7131
-88.7131
-83.6081
-83.6081
-88.6515
-88.6515
-86.0996
-86.0996
-91.1431
-91.1431
-86.0381
-86.0381
-91.0815
-91.0815
-84.6762
-84.6762
-89.7196
-89.7196
-84.6146
-84.6146
-89.6581
-89.6581
-87.1062
-87.1062
-92.1496
-92.1496
-87.0446
-87.0446
-92.0881
-92.0881
-85.5905
-85.5905
-90.6339
-90.6339
-85.5289
-85.5289
-90.5723
-90.5723
-88.0205
-88.0205
-93.0639
-93.0639
-87.9589
-87.9589
-93.0023
-93.0023
-65.3873
-67.6693
-66.5618
-68.8437
-62.7447
-63.0666
-60.6724
-60.9943
-34.4646
-34.4646
-48.5645
-48.5645
-83.7597
-83.7597
-85.7407
-85.7407
-59.2344
-59.5420
-59.5081
-59.8157
-21.5722
-41.3489
-48.6411
-50.3207
-56.0593
-57.7388
-66.7603
-66.7603
-67.7032
-67.7032
-62.3286
-62.3286
-63.2715
-63.2715
-68.3891
-68.3891
-69.3320
-69.3320
-63.9574
-63.9574
-64.9004
-64.9004
-70.2572
-70.2572
-71.2001
-71.2001
-65.8256
-65.8256
-66.7685
-66.7685
-71.8861
-71.8861
-72.8290
-72.8290
-67.4544
-67.4544
-68.3973
-68.3973
-42.0516
-23.2486
-54.1016
-53.7310
-44.7542
-44.7542
-207.4819
-209.7747
-207.4819
-209.7747
-208.2102
-210.5029
-208.2102
-210.5029
-207.4819
-209.7747
-207.4819
-209.7747
-208.2102
-210.5029
-208.2102
-210.5029
-210.4331
-212.7258
-210.4331
-212.7258
-211.1613
-213.4541
-211.1613
-213.4541
-210.4331
-212.7258
-210.4331
-212.7258
-211.1613
-213.4541
-211.1613
-213.4541
-49.7604
-70.7191
-71.3983
-73.8660
-74.5453
-67.2353
-67.5581
-58.7560
-58.7560
-60.0442
-60.0442
-60.2587
-60.2587
-61.5469
-61.5469
-58.7560
-58.7560
-60.0442
-60.0442
-60.2587
-60.2587
-61.5469
-61.5469
-58.7560
-58.7560
-60.0442
-60.0442
-60.2587
-60.2587
-61.5469
-61.5469
-39.4373
-38.5231
-39.1058
-38.1915
-129.5365
-131.5811
-130.0512
-132.0957
-131.0022
-133.0468
-131.5169
-133.5614
-130.1796
-132.2241
-130.6942
-132.7388
-131.6453
-133.6898
-132.1599
-134.2044
-131.0022
-133.0468
-131.5169
-133.5614
-132.4679
-134.5124
-132.9826
-135.0271
-131.6453
-133.6898
-132.1599
-134.2044
-133.1109
-135.1555
-133.6256
-135.6701
-91.6291
-91.8940
-48.8339
-48.8339
-44.3790
-44.9767
-49.3476
-49.9454
-49.6903
-49.6903
-51.8573
-51.8573
-48.3276
-48.3276
-50.4946
-50.4946
-54.4661
-54.5321
-24.9251
-16.3255
-16.3255
-40.4547
-26.2134
-51.3889
-51.4040
-51.3923
-51.4074
-56.4021
-56.4172
-56.4055
-56.4206
-37.4375
-37.9744
-43.7612
-44.2981
-29.8436
-28.6878
-20.3673
-34.6340
-36.5229
-94.8490
-95.1107
-97.1532
-97.4149
-86.7553
-88.9314
-86.9191
-89.0953
-68.2784
-72.6782
-68.8546
-73.2544
-46.8903
-46.7341
-87.9484
-88.5462
-106.6717
-106.6717
-106.7273
-106.7273
-107.2720
-107.2720
-107.3276
-107.3276
-61.6621
-34.9084
-78.8775
-80.4258
-78.1896
-79.7378
-25.4651
-25.4651
-25.8741
-25.8741
-24.8221
-24.8221
-25.2311
-25.2311
-22.9324
-22.9324
-20.1440
-20.1440
-39.5636
-34.9084
-44.7654
-44.7654
-34.1332
-33.5674
-34.1332
-33.5674
-100.7774
-102.2201
-100.7774
-102.2201
-91.3008
-91.3008
-85.1596
-90.3477
-89.6848
-94.8729
-62.7091
-190.3006
-190.0115
-189.6897
-189.4006
-30.9481
-70.7605
-72.3229
-70.4026
-71.9650
-72.8553
-74.4177
-72.4974
-74.0598
-53.9588
-54.0787
-50.2833
-50.2833
-46.0592
-27.2559
-33.2523
-55.4944
-55.5991
-94.2735
-94.4507
-71.3546
-67.6845
-67.7408
-64.0707
-72.1554
-68.4853
-68.5417
-64.8716
-48.1881
-47.7128
-65.8859
-60.6090
-128.2576
-129.9989
-74.1237
-79.1736
-83.8313
-89.0938
-83.2655
-88.5280
-55.1295
-52.6514
-40.5804
-75.3590
-74.7933
-27.4570
-52.5910
-47.9708
-52.0252
-47.4051
-69.2448
-69.2448
-69.2448
-69.2448
-29.6902
-58.9690
-58.0232
-121.0361
-120.9508
-120.4704
-120.3851
-119.3372
-119.2519
-118.7715
-118.6862
